4.766191562765210721e-01 4.555866612377306168e-01 3.258144593428874414e-01 3.988263982830803078e-01 7.001750618488309374e-01 2.477515826817685562e-01 7.226807860115793680e-01 7.289334237457901766e-01 8.741780292555896281e-01 2.867092451158900213e-01
6.115928487905953892e-01 4.233648831776453125e-01 6.829958330092383845e-01 6.533730915501504422e-01 1.018245719744828026e-01 9.410373469904201871e-01 9.285738948739051812e-01 8.517986847282724705e-01 4.896795681487950969e-01 9.014801354791253107e-01
4.328291258819779719e-01 2.841336121969856299e-01 7.156945488378102516e-01 6.913436177934967342e-01 4.455593088545924951e-01 5.318796434945479712e-01 2.645818302485685170e-01 9.828476072895566684e-01 2.286443127620121363e-01 1.187226777037941883e-01
4.472077002822975045e-01 5.393285492369267464e-01 3.922848587857150626e-01 3.418627158428735324e-01 1.801759455537127463e-01 1.331156190325417654e-01 6.929120954145847611e-01 5.540697121369443368e-01 9.745996837739058227e-01 3.339541344674501477e-02
1.680214399807037351e-01 5.413001635530233502e-01 2.560806837296059069e-02 6.166856672466844991e-01 1.947728156686997503e-01 3.734579872027155023e-01 7.501869662271789529e-01 7.087876007102682507e-01 1.528768121170188676e-01 4.622854806814176154e-01
7.916970302685699679e-02 3.432107196025090401e-01 8.539005474074585766e-01 7.804507630841663879e-01 2.625875984974821442e-01 9.066080041387757360e-01 2.336692765154094742e-01 7.690267537664441377e-04 9.679053913809482212e-01 6.974412134159502230e-03
6.420303793130724967e-01 6.875916232740533207e-01 9.408090720369326476e-01 4.177118581318409740e-01 2.868913888006234814e-01 9.831560047710136141e-01 5.023850574851440598e-01 2.916472433113983520e-01 4.866593203299952597e-01 7.559978728252938485e-01
7.072504002714395943e-01 7.126968263950668181e-01 7.499126817091146258e-01 7.182143717149327422e-01 6.528449951438610732e-01 6.963664141242372763e-01 9.797726638921137043e-01 7.492449270868717370e-01 8.583109847898551248e-02 6.351694847835903657e-01
8.466405197276470895e-01 1.500996761974673355e-01 2.993914050678138095e-01 5.421794120322139809e-01 9.693875584125813960e-01 9.522623423386257224e-01 7.788024467964409503e-01 2.209644881696146701e-01 7.847670604365982738e-01 2.847353426751686456e-02
3.225683137991143257e-01 1.779076368843461875e-01 4.458335465033251843e-01 4.745669175249052074e-01 3.264613374807566748e-01 7.896963697263763571e-01 8.289563486610559417e-01 7.406419882182062597e-01 7.542097668276347422e-01 2.446668542208584318e-01
