3.374409108037110805e-01
9.163817074324743794e-01
7.262658236507475440e-01
4.726402714580562048e-01
6.200393621388067267e-01
9.621389525303928325e-01
6.361060143062369221e-02
7.903341905243421728e-02
3.306659793096167199e-02
1.181918274029106763e-01
1.977744046517028176e-01
6.421895408182852760e-01
1.254639253299026924e-01
9.567034847437767553e-01
9.765768813181407992e-01
3.289240205038237441e-01
5.127429165123242871e-01
7.011438058550903962e-01
7.133401509553297659e-01
1.852297961974249674e-01
8.692046108630453460e-01
6.026709473715524679e-01
8.891217133757017832e-01
9.728143143021962258e-01
7.692533725846881776e-01
6.563035144911529839e-01
6.422072277668229301e-01
1.463696669389863425e-01
7.401461953225952906e-01
4.289818935297117219e-01
3.110442465771575682e-01
8.418766650723408240e-01
7.551875921570918582e-01
8.412861158980757814e-01
4.689747071028405045e-02
1.157556617821609013e-02
4.860828999425285124e-01
7.582488704476615382e-01
7.426462084843927780e-01
7.326326033990347986e-01
5.060477869053892075e-02
1.288264934482933333e-01
2.332153897745363746e-01
4.258313097597600239e-01
7.631937266651834806e-01
4.020032707540267536e-01
7.033767887204692704e-01
6.065657137887252581e-01
8.974087590237000978e-01
1.898353731312202308e-01
2.354866380675413318e-02
8.065269806675291475e-01
4.288351959338385644e-01
1.227983473529786762e-01
9.668722534110151257e-01
5.082150796932375370e-01
9.663254121043782785e-01
4.065072264037742356e-01
6.548891788132158442e-01
5.649128718801715854e-01
6.908700569297598904e-01
6.890306941646145988e-01
2.256641644946965064e-01
8.604586742668397514e-01
4.299164446420108421e-01
7.504307302807257107e-01
8.991119677845405000e-02
5.263855305630208425e-01
5.525919465187323354e-01
4.958110245724083320e-01
5.567056206312337441e-01
4.444943613674646743e-01
8.896871328069377860e-03
6.020765739623412660e-02
5.698419226841181517e-01
1.448995639642487454e-01
6.542046433248844828e-01
7.723489331948145686e-01
3.525572669527091696e-01
6.226660444670973904e-01
1.984043792046094046e-01
9.763249671547938879e-01
3.115039612568542005e-01
5.772776983752885283e-01
4.137673961227155139e-01
3.827365436065223170e-01
4.208054195682926490e-01
2.287262726775129984e-01
4.559168776791574507e-01
9.137477355396771417e-01
5.940373887777551376e-01
8.376470102851587551e-01
3.146303321091413752e-01
3.431571318174544416e-01
1.299359429908260033e-01
5.535931477399921308e-01
9.628105699042851517e-01
5.481451379911204125e-01
8.959461508720336642e-01
4.919372267671988652e-01
